67
67
75
99
242
225
61
242
78
114
241
225
122
79
136
129
241
226
208
68
67
167
238
240
91
161
107
246
202
83
185
69
74
123
212
169
67
222
232
196
226
234
225
67
209
71
238
225
70
67
71
101
99
251
240
208
83
71
255
101
248
83
67
103
108
93
178
209
62
75
67
187
183
208
75
229
231
210
221
83
163
199
70
202
208
208
161
69
79
119
76
67
174
71
75
116
230
178
208
162
79
71
67
225
194
68
61
71
161
162
122
250
83
66
226
71
67
162
66
69
71
233
204
69
68
74
93
82
68
210
162
243
246
236
249
116
162
67
209
69
199
209
66
209
221
237
195
254
83
162
241
82
243
99
244
83
119
85
98
162
232
67
162
79
123
116
161
244
95
162
233
241
191
197
165
219
169
162
67
209
165
119
185
181
221
253
74
99
255
209
190
63
110
127
66
251
239
61
19
166
187
101
69
217
71
67
100
190
165
114
71
78
110
202
238
241
161
143
83
91
219
125
195
116
62
167
94
238
217
248
71
234
213
67
67
195
71
213
205
83
171
162
69
115
242
248
69
232
78
87
163
98
84
161
195
71
77
87
195
197
253
75
70
196
75
178
163
70
116
79
84
97
163
75
106
79
87
114
157
67
116
215
74
217
69
244
71
67
195
228
67
61
70
251
76
195
250
232
68
78
99
245
67
65
98
94
83
231
67
177
201
67
247
74
221
115
75
69
161
220
243
162
68
100
71
179
233
162
69
232
90
67
208
195
162
67
67
99
225
122
209
71
90
228
165
254
65
161
68
212
161
234
226
190
51
224
161
82
244
70
68
122
99
82
195
68
47
225
128
172
227
235
195
67
71
245
67
248
195
161
84
210
101
163
232
71
69
67
83
99
161
161
66
102
103
208
98
66
87
67
239
67
162
67
232
74
102
251
70
208
67
81
210
69
76
246
70
67
88
210
189
71
79
71
84
70
67
68
161
87
111
108
102
182
68
78
69
71
223
177
250
91
185
185
103
247
66
83
67
195
110
210
208
122
69
78
119
83
251
235
85
91
74
222
67
161
189
91
114
208
