242
70
253
233
77
161
255
161
216
244
107
103
252
114
169
244
82
122
186
243
232
66
253
250
247
78
235
162
79
87
162
209
176
225
122
86
85
255
74
72
196
67
75
241
165
216
67
78
178
222
209
254
67
163
111
223
167
232
163
210
70
87
175
234
195
232
161
183
248
161
161
161
196
195
99
225
225
252
77
81
71
248
68
225
126
79
170
241
215
232
61
68
99
243
67
209
189
70
210
254
67
161
250
137
168
165
99
225
253
214
76
186
179
246
252
124
236
75
116
219
248
67
67
167
237
225
59
83
79
70
99
117
209
244
67
229
167
177
210
122
177
83
68
99
251
240
99
198
91
255
177
61
67
101
75
214
170
244
189
219
74
115
233
208
240
236
237
82
230
232
222
212
87
103
250
194
206
255
111
75
246
226
98
30
67
79
163
237
126
30
31
251
162
219
216
209
75
83
103
209
185
72
190
95
95
237
83
83
158
79
82
69
213
194
197
83
95
99
83
67
65
207
163
75
219
225
161
209
223
83
214
99
161
30
111
199
231
254
75
233
170
179
103
241
67
210
122
222
98
82
162
31
153
247
192
192
66
116
67
171
101
110
83
250
63
125
7
26
98
248
116
244
219
117
120
169
252
242
68
199
205
218
254
193
208
125
70
207
76
177
250
253
129
20
230
232
66
212
66
223
209
185
61
94
27
191
185
179
216
161
173
95
183
66
178
161
244
226
230
233
248
253
161
99
254
167
178
120
162
90
255
161
195
209
75
111
225
91
186
252
65
166
214
239
87
195
232
79
101
67
124
211
248
67
83
227
210
199
161
244
98
211
160
8
67
126
71
77
183
162
232
79
68
71
195
221
195
233
62
91
83
123
71
67
234
207
227
195
245
227
122
69
71
98
249
232
213
250
79
92
61
63
81
71
118
119
226
252
135
118
250
198
254
102
68
232
161
68
183
251
68
70
67
195
127
117
92
225
122
161
83
70
183
249
67
161
15
123
240
67
159
67
107
116
245
225
161
157
101
226
251
255
161
126
82
79
66
211
178
167
160
80
100
177
194
71
174
87
83
73
163
59
235
67
75
230
225
225
161
83
71
249
211
161
76
235
119
209
242
226
83
67
107
182
215
241
68
67
215
229
164
236
161
66
70
75
122
227
217
212
195
115
179
177
241
186
30
215
92
247
124
67
242
107
229
177
81
67
83
67
91
103
252
250
161
70
171
226
86
232
244
68
102
225
100
211
232
161
103
228
84
116
253
245
77
173
241
97
66
161
67
183
87
204
194
241
163
243
190
216
169
175
15
93
195
249
83
127
240
111
199
92
250
166
163
83
86
198
248
70
107
66
108
75
248
236
67
219
173
111
161
161
244
49
71
167
167
233
67
77
71
174
243
225
208
161
68
215
198
75
234
209
79
197
91
199
254
68
67
76
232
103
241
250
161
90
251
87
126
125
0
201
64
176
251
208
67
99
67
84
69
186
173
